7 0.16667272727272728 0.21715542521994133 0.08398181818181817 0.11870967741935483
7 0.32423636363636366 0.20108504398826976 0.13072727272727275 0.181524926686217
7 0.4259818181818182 0.25067448680351906 0.07792727272727272 0.12428152492668622
7 0.5376545454545454 0.20457478005865104 0.09003636363636364 0.1410557184750733
7 0.5584363636363636 0.3190909090909091 0.10043636363636364 0.11032258064516129
7 0.4424181818181818 0.37982404692082117 0.09523636363636365 0.15360703812316717
7 0.4792181818181818 0.529941348973607 0.10821818181818182 0.10472140762463343
7 0.5112545454545454 0.6653958944281525 0.07532727272727273 0.11589442815249268
7 0.5874545454545455 0.726158357771261 0.06839999999999999 0.17873900293255132
7 0.43939999999999996 0.7268621700879766 0.09436363636363636 0.11310850439882698
7 0.4368 0.8357771260997068 0.13592727272727273 0.10753665689149561
7 0.3316 0.6709970674486804 0.09870909090909091 0.17175953079178885
7 0.31730909090909093 0.42730205278592376 0.12034545454545455 0.13126099706744868
7 0.28354545454545454 0.2981524926686217 0.10303636363636363 0.12988269794721408
7 0.16927272727272727 0.4252199413489736 0.10821818181818182 0.1773607038123167
