24 0.18752604166666667 0.407333984375 0.08118489583333334 0.0337109375
24 0.2573046875 0.415634765625 0.05569010416666667 0.058369140625
24 0.3438541666666666 0.430986328125 0.073125 0.046796875
24 0.38511718749999996 0.35298828125 0.099296875 0.053837890625
24 0.4558984375 0.424951171875 0.05703125 0.05283203125
24 0.5327083333333333 0.42544921875 0.0724609375 0.049814453125
24 0.5424479166666667 0.494638671875 0.06776041666666667 0.04025390625
24 0.6102083333333334 0.503447265625 0.05569010416666667 0.0508203125
24 0.63 0.558291015625 0.061718749999999996 0.055859375
24 0.6793098958333333 0.504951171875 0.0838671875 0.06591796875
24 0.525 0.25361328125 0.10265625 0.077490234375
