24 0.5709895833333333 0.169892578125 0.08897135416666667 0.041015625
24 0.7501692708333333 0.296005859375 0.0718359375 0.066728515625
24 0.3510026041666667 0.3195703125 0.063671875 0.057548828125
24 0.3097786458333333 0.364267578125 0.061223958333333335 0.037958984375
24 0.3783463541666667 0.44048828125 0.08244791666666666 0.047138671875
24 0.48528645833333334 0.434365234375 0.071015625 0.05326171875
24 0.3763020833333333 0.59384765625 0.04571614583333333 0.05509765625
24 0.42813802083333335 0.5069140625 0.10040364583333333 0.041630859375
24 0.32937500000000003 0.673125 0.07755208333333334 0.048369140625
24 0.3910026041666667 0.636396484375 0.0701953125 0.050810546875
24 0.3624348958333334 0.370693359375 0.06529947916666666 0.05326171875
