24 0.32733072916666667 0.38763671875 0.0600390625 0.056962890625
24 0.3501171875 0.479326171875 0.08825520833333333 0.050458984375
24 0.5183072916666667 0.390078125 0.064375 0.06076171875
24 0.6065494791666667 0.377060546875 0.05859375 0.042314453125
24 0.5591666666666667 0.454375 0.06076822916666667 0.04828125
24 0.43330729166666665 0.546064453125 0.09259114583333333 0.049375
24 0.455 0.62255859375 0.0433984375 0.042861328125
24 0.5490494791666667 0.4926171875 0.05497395833333333 0.049912109375
24 0.5935286458333333 0.540908203125 0.05859375 0.0542578125
24 0.6105338541666666 0.464677734375 0.046302083333333334 0.062392578125
