0 0.10894941634241245 0.34423828125 0.20233463035019456 0.2529296875
0 0.6115434500648509 0.52880859375 0.23994811932555124 0.1611328125
0 0.2607003891050584 0.5732421875 0.18417639429312582 0.11328125
0 0.32749675745784695 0.6845703125 0.06874189364461739 0.052734375
0 0.2801556420233463 0.318359375 0.14267185473411154 0.123046875
0 0.7872892347600519 0.42578125 0.14526588845654995 0.087890625
0 0.8761348897535668 0.57080078125 0.11284046692607004 0.0888671875
0 0.546692607003891 0.720703125 0.07652399481193256 0.048828125
0 0.3158236057068742 0.86767578125 0.042801556420233464 0.0458984375
0 0.5953307392996109 0.76513671875 0.041504539559014265 0.0400390625
0 0.4254215304798962 0.47607421875 0.04928664072632944 0.0419921875
