7 0.4440104166666667 0.30224609375 0.1796875 0.0849609375
7 0.6555989583333334 0.45263671875 0.18619791666666666 0.1103515625
7 0.7135416666666666 0.36669921875 0.20572916666666666 0.0986328125
7 0.2649739583333333 0.40380859375 0.07421875 0.1005859375
7 0.4694010416666667 0.22900390625 0.17317708333333334 0.0966796875
7 0.3763020833333333 0.49658203125 0.15104166666666666 0.0849609375
7 0.4270833333333333 0.63232421875 0.16666666666666666 0.1064453125
7 0.25 0.6279296875 0.09375 0.12109375
7 0.20638020833333334 0.5185546875 0.10286458333333333 0.10546875
7 0.17578125 0.36083984375 0.09375 0.0693359375
