8 0.26786458333333335 0.64099609375 0.1136328125 0.08880859375
8 0.36908854166666666 0.652099609375 0.11746093749999999 0.06947265625
8 0.27263020833333335 0.75845703125 0.12127604166666667 0.064462890625
8 0.10170572916666666 0.5414453125 0.1346484375 0.085947265625
8 0.13608072916666666 0.485224609375 0.12891927083333335 0.059443359375
8 0.1093359375 0.39283203125 0.12127604166666667 0.059443359375
8 0.29746093749999997 0.472333984375 0.1002734375 0.055146484375
8 0.39390624999999996 0.443330078125 0.07161458333333333 0.073056640625
8 0.5252083333333334 0.516025390625 0.07639322916666667 0.06517578125
8 0.6254817708333333 0.4666015625 0.08595052083333334 0.055146484375
8 0.6526953125 0.535361328125 0.09454427083333333 0.06947265625
8 0.5906250000000001 0.646728515625 0.0792578125 0.077353515625
8 0.6970963541666667 0.597666015625 0.08403645833333334 0.0623046875
8 0.6942317708333333 0.70080078125 0.0878515625 0.089521484375
