0 0.17570522979397782 0.44599999999999995 0.15020602218700477 0.5273548387096774
0 0.7466402535657686 0.2294516129032258 0.03527733755942948 0.08845161290322581
0 0.8021077654516641 0.3480645161290323 0.03681458003169572 0.08219354838709678
0 0.7361648177496037 0.3465161290322581 0.043961965134706814 0.0707741935483871
0 0.7496988906497623 0.3943870967741936 0.03220285261489699 0.06035483870967742
0 0.7435657686212361 0.6701290322580645 0.02606973058637084 0.0853225806451613
0 0.5395879556259905 0.4401612903225806 0.03936608557844691 0.05619354838709678
0 0.571283676703645 0.4063548387096774 0.031188589540412044 0.0655483870967742
0 0.5482884310618067 0.5967741935483871 0.034247226624405706 0.08635483870967742
0 0.5825356576862123 0.6779354838709677 0.03323296354992076 0.06764516129032258
0 0.6098890649762282 0.7419354838709677 0.024532488114104595 0.08116129032258064
0 0.6932171156893819 0.890225806451613 0.039873217115689384 0.05932258064516129
0 0.7788431061806655 0.8288387096774193 0.023011093502377178 0.10303225806451613
0 0.724405705229794 0.9614838709677419 0.039873217115689384 0.06451612903225806
0 0.6924564183835182 0.9448387096774192 0.02914421553090333 0.05825806451612903
0 0.7561014263074485 0.5515161290322581 0.03169572107765452 0.06451612903225806
0 0.768621236133122 0.590516129032258 0.04242472266244057 0.048903225806451615
