0 0.3682170542635659 0.2916666666666667 0.03532299741602067 0.06666666666666667
0 0.4323772609819122 0.25625 0.04478036175710594 0.0625
0 0.6507235142118863 0.3375 0.03875968992248062 0.036125
0 0.682609819121447 0.3569583333333333 0.03532299741602067 0.03054166666666667
0 0.35271317829457366 0.475 0.03015503875968992 0.05554166666666667
0 0.42248062015503873 0.43404166666666666 0.03532299741602067 0.043041666666666666
0 0.43754521963824294 0.6367916666666668 0.022403100775193797 0.07083333333333333
0 0.5232558139534884 0.6291666666666667 0.023255813953488372 0.08054166666666666
0 0.43669250645994834 0.4708333333333333 0.03790697674418605 0.05
0 0.5650387596899225 0.53125 0.031007751937984496 0.043041666666666666
0 0.477312661498708 0.43395833333333333 0.017545219638242893 0.05345833333333334
