0 0.49037142857142857 0.558268876611418 0.0412 0.03383057090239411
0 0.6812285714285714 0.4376979742173112 0.030899999999999997 0.05567219152854512
0 0.7026 0.5013075506445672 0.04152857142857143 0.056114180478821364
0 0.5224285714285715 0.6813996316758748 0.04485714285714285 0.04968692449355433
0 0.5318999999999999 0.8171639042357275 0.04052857142857143 0.04882136279926336
0 0.4855428571428571 0.8011049723756906 0.03554285714285714 0.05438305709023941
0 0.5892 0.8383609576427257 0.0382 0.05696132596685083
0 0.6485 0.8319337016574586 0.03388571428571428 0.0518232044198895
0 0.7031571428571428 0.7944751381215469 0.046842857142857144 0.06510128913443831
0 0.6654428571428571 0.884401473296501 0.03854285714285714 0.05996316758747698
0 0.7089714285714286 0.9332228360957643 0.0412 0.05139963167587477
0 0.5838857142857143 0.9788213627992634 0.03288571428571428 0.0423572744014733
0 0.12992857142857142 0.8264088397790056 0.028185714285714286 0.06793738489871087
0 0.041671428571428575 0.7379189686924493 0.04044285714285714 0.052136279926335176
0 0.19064285714285711 0.3665377532228361 0.04424285714285714 0.048692449355432786
0 0.3758571428571429 0.20003683241252304 0.029599999999999998 0.04561694290976059
0 0.4823714285714286 0.35073664825046036 0.03437142857142857 0.05044198895027625
0 0.12165714285714285 0.028729281767955802 0.037771428571428574 0.029392265193370168
0 0.1237 0.062302025782688765 0.05682857142857143 0.03246777163904235
0 0.8488857142857144 0.07742173112338858 0.0473 0.032025782688766116
0 0.8784857142857143 0.15661141804788214 0.03981428571428572 0.04298342541436464
0 0.8655571428571428 0.3399815837937385 0.030285714285714284 0.06053406998158379
0 0.7564857142857142 0.3603867403314917 0.03471428571428572 0.06449355432780848
0 0.8282999999999999 0.5128360957642726 0.035385714285714284 0.06053406998158379
