0 0.4369825436408977 0.42471875 0.1575561097256858 0.17328125
0 0.4755112219451372 0.1931875 0.1462344139650873 0.14203125
0 0.3156857855361596 0.07884375 0.12129675810473815 0.15765625
0 0.09521197007481297 0.48578124999999994 0.10655860349127182 0.17046875
0 0.14962593516209477 0.56178125 0.054413965087281795 0.15765625
0 0.3882294264339152 0.5745625000000001 0.11902743142144638 0.10084375000000001
0 0.5746882793017456 0.6626562500000001 0.09748129675810474 0.21165625000000002
0 0.8200997506234414 0.533375 0.12581047381546134 0.1974375
0 0.9397007481296757 0.25921875 0.09521197007481297 0.2145
0 0.805361596009975 0.25853125 0.14850374064837904 0.1306875
0 0.7033665835411471 0.30965625 0.10087281795511223 0.14203125
0 0.7005236907730674 0.43040625 0.1133416458852868 0.15625
0 0.5480548628428928 0.28196875 0.0646134663341646 0.15765625
0 0.633067331670823 0.25425 0.08501246882793018 0.13353125
0 0.09975062344139651 0.7734375 0.13376558603491273 0.15484375
0 0.25673316708229427 0.8032812500000001 0.12129675810473815 0.109375
0 0.5577057356608478 0.810375 0.11109725685785535 0.13778125000000002
0 0.6636907730673316 0.72371875 0.1099501246882793 0.11221874999999999
0 0.860922693266833 0.85440625 0.1575561097256858 0.1605
0 0.7056109725685785 0.80184375 0.11448877805486284 0.1036875
0 0.7169576059850374 0.9289687499999999 0.10087281795511223 0.13353125
0 0.6563092269326684 0.87996875 0.09294264339152121 0.098
0 0.3128428927680798 0.8551249999999999 0.11788029925187034 0.1306875
0 0.21708229426433914 0.7201562499999999 0.11675810473815461 0.12215625000000001
