7 0.29488749999999997 0.25275757575757574 0.12613749999999999 0.10606060606060606
7 0.135225 0.06886363636363636 0.097725 0.13774242424242425
7 0.5039750000000001 0.07162121212121213 0.13068749999999998 0.13774242424242425
7 0.37158749999999996 0.05303030303030303 0.147725 0.10606060606060606
7 0.4846625 0.26721212121212123 0.17841249999999997 0.146
7 0.6403375 0.3243787878787879 0.135225 0.13912121212121212
7 0.7857999999999999 0.288560606060606 0.13295 0.19972727272727273
7 0.8039749999999999 0.4290606060606061 0.1738625 0.11983333333333333
7 0.2658125 0.4523181818181818 0.14485 0.15953030303030305
7 0.47168750000000004 0.4915303030303031 0.13015000000000002 0.15062121212121213
7 0.4294125 0.3614090909090909 0.12793749999999998 0.14706060606060606
7 0.65515 0.47593939393939394 0.10293749999999999 0.18181818181818182
7 0.6625 0.6356515151515151 0.1470625 0.16613636363636364
7 0.8595625 0.6625606060606061 0.1353 0.13546969696969696
7 0.46801250000000005 0.7503636363636363 0.1404375 0.1435
7 0.6933875 0.7950151515151516 0.10293749999999999 0.13903030303030303
7 0.7966875 0.8685454545454545 0.0875 0.1613181818181818
7 0.604775 0.8226363636363637 0.121325 0.09804545454545453
7 0.34338749999999996 0.8163939393939394 0.0779375 0.11230303030303031
7 0.58015 0.9344848484848485 0.19265000000000002 0.10962121212121212
