7 0.40331569664903 0.5603430079155673 0.17358024691358026 0.18192612137203168
7 0.25479717813051145 0.42773087071240107 0.08075837742504409 0.24997361477572558
7 0.4785185185185185 0.38398416886543535 0.1438800705467372 0.19857519788918207
7 0.6214638447971781 0.29232189973614775 0.16430335097001764 0.2596833773087071
7 0.5156437389770723 0.22984168865435356 0.10488536155202821 0.1541424802110818
7 0.6367724867724868 0.10485488126649077 0.15037037037037038 0.19580474934036937
7 0.4237389770723104 0.08401055408970977 0.15315696649029983 0.15691292875989446
7 0.3434567901234568 0.30899736147757256 0.11509700176366844 0.11804749340369394
7 0.3337037037037037 0.7811345646437995 0.16245149911816578 0.17635883905013194
7 0.133668430335097 0.8526649076517151 0.10209876543209877 0.22218997361477572
7 0.08075837742504409 0.6499208443271768 0.133668430335097 0.32218997361477575
