7 0.30845986984815615 0.1824561403508772 0.13101952277657267 0.16280701754385965
7 0.5379609544468547 0.1663157894736842 0.1266811279826464 0.17543859649122806
7 0.5674620390455531 0.3080701754385965 0.11453362255965292 0.11368421052631579
7 0.42169197396963126 0.23578947368421055 0.09023861171366594 0.13473684210526315
7 0.2577006507592191 0.27578947368421053 0.08850325379609544 0.12210526315789473
7 0.13622559652928415 0.4105263157894737 0.11626898047722344 0.19508771929824562
7 0.3010845986984816 0.4168421052631579 0.12147505422993492 0.14596491228070177
7 0.3227765726681128 0.6828070175438596 0.09718004338394794 0.16421052631578947
7 0.43644251626898045 0.7466666666666667 0.09370932754880695 0.12631578947368421
7 0.441648590021692 0.8596491228070176 0.1735357917570499 0.11929824561403508
7 0.5088937093275488 0.6891228070175439 0.0806941431670282 0.12350877192982457
7 0.5969631236442516 0.7726315789473683 0.08676789587852494 0.17543859649122806
7 0.47288503253796094 0.5368421052631579 0.11106290672451194 0.13052631578947368
7 0.44121475054229936 0.3768421052631579 0.09978308026030369 0.16701754385964912
7 0.6286334056399132 0.5150877192982457 0.11366594360086768 0.09824561403508772
