7 0.5124487004103967 0.5034051724137931 0.06930232558139535 0.21101293103448276
7 0.581422708618331 0.5023491379310345 0.07129958960328317 0.1963146551724138
7 0.5630916552667579 0.2572198275862069 0.08129958960328318 0.19946120689655172
7 0.6160465116279069 0.5985344827586208 0.09622435020519836 0.2090948275862069
7 0.6121751025991792 0.10323275862068965 0.06303693570451437 0.18556034482758618
7 0.3918057455540356 0.39771551724137927 0.06359781121751026 0.12980603448275863
7 0.4631463748290014 0.0958405172413793 0.06359781121751026 0.1341594827586207
7 0.333734610123119 0.2121336206896552 0.05143638850889193 0.1594396551724138
7 0.521764705882353 0.7078663793103448 0.09013679890560876 0.2029956896551724
7 0.4672913816689466 0.6285775862068966 0.07188782489740082 0.1820905172413793
