7 0.410695652173913 0.3339153439153439 0.24795652173913044 0.32746031746031745
7 0.6110434782608696 0.3467724867724868 0.17391304347826086 0.3817989417989418
7 0.3025652173913044 0.1101058201058201 0.2432608695652174 0.19449735449735447
7 0.1451304347826087 0.37894179894179897 0.2902608695652174 0.24883597883597885
7 0.41834782608695653 0.6048677248677248 0.235 0.16873015873015873
7 0.36134782608695654 0.7414814814814814 0.30904347826086953 0.25883597883597886
7 0.5323043478260869 0.8968253968253969 0.30082608695652174 0.20634920634920634
7 0.7726086956521738 0.7535978835978836 0.24560869565217391 0.2774074074074074
7 0.8031739130434782 0.41253968253968254 0.23617391304347826 0.17301587301587304
7 0.9336086956521739 0.32105820105820104 0.13278260869565217 0.2988888888888889
7 0.9506521739130435 0.6735449735449736 0.09869565217391305 0.13444444444444445
