7 0.36378205128205127 0.27735368956743 0.06474358974358975 0.089058524173028
7 0.42435897435897435 0.2811704834605598 0.041025641025641026 0.09669211195928754
7 0.4625 0.27544529262086515 0.035256410256410256 0.1183206106870229
7 0.5516025641025641 0.42938931297709926 0.060897435897435896 0.10559796437659033
7 0.6397435897435897 0.4631043256997455 0.052564102564102565 0.089058524173028
7 0.6964743589743589 0.4344783715012723 0.06217948717948718 0.10814249363867684
7 0.9291666666666667 0.43702290076335876 0.05576923076923077 0.14885496183206107
7 0.4128205128205128 0.655852417302799 0.06794871794871794 0.08778625954198473
7 0.30993589743589745 0.6494910941475827 0.0673076923076923 0.10814249363867684
7 0.27307692307692305 0.5674300254452926 0.057692307692307696 0.09923664122137404
7 0.38044871794871793 0.38231552162849874 0.06346153846153846 0.11577608142493638
7 0.25608974358974357 0.6259541984732825 0.04294871794871795 0.058524173027989825
7 0.18974358974358974 0.544529262086514 0.04358974358974359 0.058524173027989825
7 0.1798076923076923 0.6431297709923665 0.04038461538461539 0.07251908396946564
7 0.225 0.7010178117048346 0.035897435897435895 0.09414758269720101
