7 0.11908256880733946 0.2337546468401487 0.13055045871559634 0.11011152416356877
7 0.300802752293578 0.26449814126394056 0.12878440366972477 0.15728624535315985
7 0.5403211009174312 0.2523420074349442 0.13674311926605504 0.14728624535315984
7 0.6258715596330275 0.29881040892193306 0.13144495412844037 0.1029368029739777
7 0.817316513761468 0.3753159851301115 0.1420183486238532 0.17301115241635687
7 0.9236009174311927 0.5326022304832714 0.11821100917431192 0.17301115241635687
7 0.815091743119266 0.5876579925650558 0.11467889908256881 0.1429739776951673
7 0.7255733944954129 0.4653903345724907 0.120848623853211 0.10724907063197027
7 0.6651376146788991 0.3903345724907063 0.135848623853211 0.09152416356877324
7 0.5557568807339449 0.478996282527881 0.13408256880733946 0.11152416356877323
7 0.7004128440366972 0.5969516728624535 0.12701834862385322 0.10152416356877322
7 0.368302752293578 0.4096282527881041 0.09791284403669724 0.13011152416356878
7 0.20332568807339452 0.4353903345724907 0.12261467889908258 0.12438661710037174
7 0.2368577981651376 0.34527881040892194 0.12614678899082568 0.14442379182156134
7 0.09924311926605506 0.33527881040892193 0.12261467889908258 0.10724907063197027
7 0.09087155963302752 0.4210780669144981 0.12350917431192661 0.10438661710037174
