14 0.48578 0.5333333333333333 0.03474 0.08421333333333333
14 0.59368 0.5375466666666667 0.054740000000000004 0.07298666666666667
14 0.5826399999999999 0.4385866666666667 0.06842000000000001 0.051919999999999994
14 0.55736 0.35578666666666664 0.03052 0.06314666666666667
14 0.63842 0.26808 0.06 0.06456
14 0.5784199999999999 0.19157333333333335 0.06422 0.08842666666666665
14 0.7310599999999999 0.17053333333333334 0.05368 0.07437333333333333
14 0.47474 0.11437333333333334 0.05052 0.07437333333333333
14 0.35106 0.1768533333333333 0.06 0.08141333333333334
14 0.30526 0.23858666666666667 0.06948 0.07858666666666667
14 0.38526 0.30176 0.05684 0.05053333333333333
14 0.33 0.40701333333333334 0.05578 0.06176
14 0.22894 0.3831466666666667 0.06 0.10946666666666666
14 0.13526 0.37544 0.06631999999999999 0.09122666666666666
14 0.06894 0.29053333333333337 0.07474 0.10104
14 0.13578 0.19298666666666667 0.07158 0.09685333333333333
14 0.04158 0.44 0.0621 0.09122666666666666
14 0.79474 0.4547466666666667 0.07578 0.08981333333333333
14 0.8242200000000001 0.39368 0.06526 0.09685333333333333
14 0.8631599999999999 0.53264 0.054740000000000004 0.08842666666666665
14 0.7026399999999999 0.6659733333333333 0.0621 0.09402666666666666
14 0.76106 0.7972 0.08 0.10104
14 0.5268400000000001 0.71368 0.08736 0.0828
14 0.38158 0.7670133333333333 0.06842000000000001 0.07437333333333333
14 0.62526 0.9038666666666666 0.08209999999999999 0.10104
14 0.69578 0.40352 0.06106 0.08562666666666667
14 0.69894 0.35229333333333335 0.07158 0.05896
