14 0.4986875 0.6215333333333334 0.2786458333333333 0.2875
14 0.6158958333333333 0.30626666666666663 0.3203125 0.2125
14 0.3125 0.38056666666666666 0.14410416666666667 0.25556666666666666
14 0.11850000000000001 0.32776666666666665 0.18662499999999999 0.15833333333333333
14 0.23133333333333334 0.5270666666666667 0.22308333333333333 0.19026666666666667
14 0.08854166666666667 0.7187666666666667 0.17708333333333334 0.16806666666666667
14 0.28602083333333334 0.6854333333333333 0.19358333333333333 0.11526666666666666
14 0.2356875 0.8034666666666667 0.1796875 0.14306666666666668
14 0.6848958333333334 0.625 0.11110416666666666 0.29723333333333335
14 0.8689166666666667 0.5541666666666667 0.13889583333333333 0.35833333333333334
