12 0.3399348958333333 0.709755859375 0.032552083333333336 0.02720703125
12 0.6522005208333334 0.6757421875 0.013489583333333333 0.021279296875
12 0.16020833333333334 0.552978515625 0.021861979166666667 0.0191796875
12 0.6652213541666666 0.583671875 0.02 0.015693359375
12 0.8672786458333334 0.484619140625 0.023255208333333333 0.023369140625
12 0.7875260416666667 0.49822265625 0.025572916666666667 0.021279296875
12 0.7463671875000001 0.4668359375 0.022317708333333335 0.0191796875
12 0.7761328125000001 0.41162109375 0.0241796875 0.0244140625
12 0.40234375 0.6080859375 0.027903645833333334 0.032431640625
12 0.1943880208333333 0.62482421875 0.01860677083333333 0.028251953125
12 0.22158854166666667 0.75736328125 0.03766927083333333 0.02197265625
12 0.4568880208333333 0.726142578125 0.025572916666666667 0.01744140625
12 0.664296875 0.403525390625 0.0348828125 0.028603515625
12 0.5989583333333334 0.51548828125 0.0251171875 0.025107421875
12 0.3859765625 0.677841796875 0.0251171875 0.025458984375
